Blood Ruby (BloodRuby)
 > Path: M 0,0 C 0.0001,0 -3,-3 -3,-3 C -3,-3 -3,3 -3,3 C -3,3 -5.9999,0 -6,0
Bloodthorn (BloodyRoot)
 > Path: M 0,0 C 0.0001,0 0.0001001358,-2 0,-2 C -0.0001001358,-2 -1.7499,1 -1.75,1 C -1.7501,1 -1.7501,-3 -1.75,-3 C -1.7499,-3 -4.0001,2 -4,2 C -3.9999,2 -3.9999,-4 -4,-4 C -4.0001,-4 -5.9999,0 -6,0
Brown Mushroom (CliffFungus)
 > Path: M 0,0 C 0,-1 0,-1 -1,-1 C -2,-1 -2,-1 -2,-2 C -2,-3 -2,-3 0,-3 C 2,-3 2,-3 2,-4 C 2,-5 2,-5 0.5,-5 C 0,-5 0,-5 0,-6
Cloud Crystal (Crystal)
 > Path: M 0,0 C 0,0 -0.75,1 0,1.5 C 0.7499999,2 1,2 1,2.75 C 0.9999999,3.75 -0.9999999,3.25 -1,4.25 C -1,5 -0.75,5 0,5.5 C 0.7499999,6 0.0001,7 0,7
#ingredient_Default (Default)
 > Path: M 0,0 C -4.371139E-08,1 -4.371139E-08,4 0,5
Dryad's Saddle (DryadMushroom)
 > Path: M 0,0 C -0.25,0 -1.33541,-0.3291796 -1,-1 C -0.5,-2 2,-0.5 2,-2 C 2,-3.5 -2,-1.25 -2,-3 C -2,-3.75 0.0001,-3.75 0,-3.75
Earth Pyrite (EarthCrystal)
 > Path: M 0,0 C 0.0001,0 0,-1.5 0,-1.5 C 0,-1.5 -1,-1.5 -1,-1.5 C -1,-1.5 -1,-3.5 -1,-3.5 C -1,-3.5 1,-3.5 1,-3.5 C 1,-3.5 1,-5.5 1,-5.5 C 1,-5.5 0,-5.5 0,-5.5 C 0,-5.5 0.0001,-7 0,-7
Firebell (Firebell)
 > Path: M 0,0 C -1.25,1 -1.2501,1 -1.25,1 C -1.2499,1 -2.5001,0 -2.5,0 C -2.4999,0 -3.7501,1 -3.75,1 C -3.7499,1 -3.75,1 -5,0
Fire Citrine (FireCitrine)
 > Path: M 0,0 C 0.0001,0 -0.75,-1.5 -1.5,0 C -2.5,2 -2.75,-0.7499999 -3.5,-0.75 C -4.25,-0.75 -4.5,2 -5.5,0 C -6.25,-1.5 -6.9999,0 -7,0
Frost Sapphire (FrostSapphire)
 > Path: M 0,0 C 0,0 0.25,0.5 0.25,0.5 C 0.25,0.5 1,-1 1,-1 C 1,-1 2,1 2,1 C 2,1 3,-1 3,-1 C 3,-1 4,1 4,1 C 4,1 5,-1 5,-1 C 5,-1 6,1 6,1 C 6,1 6.75,-0.5 6.75,-0.5 C 6.75,-0.5 7.0001,0 7,0
Goblin Shroom (GoblinMushroom)
 > Path: M 0,0 C 3,0 3,-5 0,-5
Goldthorn (Goldthorn)
 > Path: M 0,0 C -0.25,0 -0.5,0.25 -0.5,0.5 C -0.5,0.75 -0.25,1 0,1 C 1,1 1,0.5 1,0 C 1,-0.5 0.5,-0.9999999 0,-1 C -0.75,-1 -1.5,-0.25 -1.5,0.25 C -1.5,1.75 -0.75,2 0,2 C 1.25,2 2,1.25 2,0 C 2,-1 1,-2 0,-2
Grave Truffle (GraveTruffle)
 > Path: M 0,0 C 0.0001,0 -3.0001,-2 -3,-2 C -2.9999,-2 -0.7501,-7 -0.75,-7 C -0.7499,-7 0.7499,-7 0.75,-7 C 0.7501,-7 3,-2 3,-2 C 3,-2 -0.0001,-1.25 0,-1.25 C 0.0001,-1.25 0.0001,-5 0,-5
Green Mushroom (GreenMushroom)
 > Path: M 0,0 C 3.02107,1.020414 0.5508628,-1.518064 1.527383,-2.506451 C 2.500548,-3.491441 5.012281,-0.9910625 3.996144,-3.978157
Shadow Chanterelle (GreyChanterelle)
 > Path: M 0,0 C 3,0 -2.384186E-07,5 3,5 C 4,5 4.5,4 4.5,3
Ice Fruit (IceDragonfruit)
 > Path: M 0,0 C 0.0001,0 0.9999,2 1,2 C 1.0001,2 3,-2 3,-2 C 3,-2 4.9999,2 5,2 C 5.0001,2 6.0001,0 6,0
Lava Root (LavaRoot)
 > Path: M 0,0 C 0,1.5 -2.5,1.5 -2.5,0 C -2.5,-1.5 -5,-1.5 -5,0 C -5,1.5 -7.5,1.5 -7.5,0 C -7.5,-0.75 -6.25,-0.75 -6.25,0
Terraria (Leaf)
 > Path: M 0,0 C 0.0001,0 -0.25,-0.75 0,-1 C 0.25,-1.25 0.5,-1 0.75,-1.25 C 1,-1.5 1,-2.25 0.75,-2.5 C 0.5,-2.75 -0.5,-2.25 -0.75,-2.5 C -1,-2.75 -1,-3.5 -0.75,-3.75 C -0.5,-4 -0.1767767,-3.823223 0,-4 C 0.25,-4.25 0.0001,-5 0,-5
Lumpy Beet (LumpyBeet)
 > Path: M 0,0 C 0,2 3,1 3,3 C 3,4 1,4 1,3 C 1,2 1,1 1,0 C 1,-1 3,-1 3,0 C 3,1 3,2 4,2
Marshroom (Marshrooms)
 > Path: M 0,0 C 2,-2 1,-4 3,-4 C 3.5,-4 5,-4 5,-3
Red Mushroom (RedMushroom)
 > Path: M 0,0 C -4,4 -4,-4 -8,0
Hairy Banana (Refruit)
 > Path: M 0,0 C 0.0001,0 -3,-3 -4,-3 C -5,-3 -8.000098,-2.453497E-05 -8,0 C -7,0.25 -5,-1.25 -4,-1
Sulphur Shelf (SulphurShelf)
 > Path: M 0,0 C -2,0 -3.5,0 -3.5,0.75 C -3.5,1.5 -2.75,1.5 -2.25,1.5 C -1.75,1.5 -1,1.5 -1,2.25 C -1,3 -2.5,3 -4.5,3
Tangleweed (Tangleweeds)
 > Path: M 0,0 C 0,-1 3,-1 3,0 C 3,1 1.5,1 1.5,0 C 1.5,-1 3,-2 4,0 C 5,2 6.5,1 6.5,0 C 6.5,-1 5,-1 5,0 C 5,1 8,1 8,0
Thunder Thistle (Thistle)
 > Path: M 0,0 C 0.0001,0 1.9999,3.5 2,3.5 C 2.0001,3.5 -0.9999,2.5 -1,2.5 C -1.0001,2.5 1.0001,6 1,6
Thornstick (Thornstick)
 > Path: M 0,0 C 0.0001,0 -3.9999,-6 -4,-6 C -4.0001,-6 -1.9999,-5 -2,-5
Waterbloom (Waterbloom)
 > Path: M 0,0 C 0.25,-0.5 1,-0.5 1.25,0 C 1.5,0.4999999 2.25,0.5 2.5,0 C 2.75,-0.5 3.5,-0.5 3.75,0 C 4,0.4999999 4.75,0.5 5,0
Weirdshroom (Wierdshroom)
 > Path: M 0,0 C -2,0 -2,-6 -1,-6 C 0.25,-6 1.353553,-6.207107 1,-5.5 C 0.5,-4.5 -0.25,-3.75 0,-3
Windbloom (Windbloom)
 > Path: M 0,0 C 0.0001,0 0,0 0.5,1.25 C 0.9999999,2.5 0.9999,2.5 1,2.5 C 1.0001,2.5 -1.0001,2.5 -1,2.5 C -0.9999,2.5 -1,2.5 -0.5,3.75 C -2.086163E-07,5 0.0001,5 0,5
Witch Mushroom (WitchMushroom)
 > Path: M 0,0 C 0,4 5,1 5,5
